Confusion Matrix
[[5800    1   42    6   11   11   29   11   21   30]
 [   2 6635   38   12    8    4    5   22   51    9]
 [   6   16 5631   61    9    3   19   45   12    1]
 [   7   19   66 5824    1   40    1   23   67   61]
 [  27   17   32    7 5667    5   24   26   39   95]
 [   9    4   14   63    1 5275   46    5   21   32]
 [  24    2   15    8   25   27 5752    5   18    3]
 [   2    8   35   39    5    6    0 5992    6   46]
 [  39   33   79   77   14   37   41   33 5590   44]
 [   7    7    6   34  101   13    1  103   26 5628]]
accruracy train:  0.9632333333333334
accruracy: test 0.9524
[[5800    1   42    6   11   11   29   11   21   30]
 [   2 6635   38   12    8    4    5   22   51    9]
 [   6   16 5631   61    9    3   19   45   12    1]
 [   7   19   66 5824    1   40    1   23   67   61]
 [  27   17   32    7 5667    5   24   26   39   95]
 [   9    4   14   63    1 5275   46    5   21   32]
 [  24    2   15    8   25   27 5752    5   18    3]
 [   2    8   35   39    5    6    0 5992    6   46]
 [  39   33   79   77   14   37   41   33 5590   44]
 [   7    7    6   34  101   13    1  103   26 5628]]
digit:  0 precision:  0.9792334965389161 recall:  0.9728279100972828
digit:  1 precision:  0.9841293384752299 recall:  0.9777483053345122
digit:  2 precision:  0.9451158106747231 recall:  0.9703601585386868
digit:  3 precision:  0.9499266025118251 recall:  0.9533475200523818
digit:  4 precision:  0.970044505306402 recall:  0.9542010439467924
digit:  5 precision:  0.9730676996864047 recall:  0.9643510054844607
digit:  6 precision:  0.9719499831023994 recall:  0.9783976866814084
digit:  7 precision:  0.9564245810055866 recall:  0.976054732041049
digit:  8 precision:  0.9553922406426252 recall:  0.9336896609320193
digit:  9 precision:  0.946041351487645 recall:  0.9497131285858926